0 0.467708 0.33252 0.0215278 0.0498047
0 0.408333 0.338379 0.0416667 0.0361328
0 0.353819 0.344727 0.0284722 0.0566406
0 0.484722 0.378906 0.0305556 0.0292969
0 0.477083 0.406738 0.0194444 0.0185547
0 0.497569 0.416016 0.0270833 0.0351562
0 0.424653 0.391602 0.0173611 0.0644531
0 0.399653 0.413086 0.0243056 0.0664062
0 0.361806 0.402344 0.0388889 0.0410156
0 0.344097 0.429688 0.0701389 0.0605469
0 0.398611 0.471191 0.0388889 0.0419922
0 0.433681 0.461914 0.0506944 0.0917969
0 0.595833 0.371582 0.025 0.0419922
0 0.634375 0.429688 0.0493056 0.0488281
0 0.609722 0.538086 0.0458333 0.0390625
0 0.610764 0.611816 0.0270833 0.0439453
0 0.525 0.472168 0.0194444 0.0419922
0 0.510069 0.520508 0.0256944 0.046875
0 0.497917 0.505859 0.0194444 0.015625
0 0.482986 0.48877 0.0270833 0.0341797
0 0.465972 0.470215 0.0291667 0.0341797
0 0.297917 0.445801 0.0180556 0.0478516
0 0.287847 0.631348 0.0215278 0.0517578
0 0.297917 0.564453 0.0305556 0.0546875
0 0.325 0.527832 0.0236111 0.0771484
0 0.365972 0.554199 0.0472222 0.0380859
0 0.417014 0.527832 0.0270833 0.0380859
0 0.444444 0.550781 0.0430556 0.0371094
0 0.457639 0.588867 0.0319444 0.0449219
0 0.497569 0.578613 0.0229167 0.0224609
0 0.379861 0.591309 0.0236111 0.0244141
0 0.394097 0.617676 0.0298611 0.0673828
0 0.421528 0.62207 0.0263889 0.0253906
0 0.35625 0.630371 0.0152778 0.0576172
0 0.398958 0.678223 0.0479167 0.0302734
0 0.513542 0.615234 0.0576389 0.0449219
0 0.542014 0.70752 0.0493056 0.0537109
0 0.476042 0.652344 0.0743056 0.0449219
0 0.428472 0.794434 0.0125 0.0595703
0 0.379861 0.736816 0.0708333 0.0283203
0 0.336458 0.708496 0.0201389 0.0244141
0 0.310764 0.734375 0.0145833 0.0605469
0 0.553819 0.761719 0.0215278 0.0234375
1 0.409722 0.297363 0.0208333 0.0244141
0 0.40625 0.231445 0.0180556 0.0351562
0 0.370833 0.527344 0.0125 0.0234375
0 0.449653 0.756836 0.0229167 0.0234375
