0 0.351042 0.550781 0.0381944 0.03125
2 0.422569 0.046875 0.0256944 0.0332031
0 0.745139 0.219727 0.0222222 0.0292969
1 0.942361 0.286621 0.0319444 0.0615234
1 0.874306 0.26123 0.0236111 0.0283203
1 0.795139 0.220703 0.0305556 0.0429688
1 0.793056 0.166992 0.025 0.0292969
1 0.749306 0.176758 0.0375 0.0429688
1 0.542708 0.251953 0.0270833 0.0371094
1 0.526736 0.192383 0.0270833 0.0410156
1 0.590278 0.24707 0.0236111 0.0292969
1 0.564931 0.218262 0.0381944 0.0400391
1 0.240972 0.618652 0.0166667 0.0244141
1 0.166319 0.636719 0.0131944 0.0253906
1 0.270833 0.662598 0.0319444 0.0478516
1 0.444444 0.399414 0.0222222 0.0351562
1 0.409028 0.357422 0.0305556 0.0449219
1 0.363542 0.327148 0.0145833 0.0234375
1 0.351736 0.30957 0.0173611 0.0234375
1 0.346528 0.348145 0.0194444 0.0283203
1 0.302778 0.358887 0.025 0.0361328
1 0.295139 0.44873 0.0263889 0.0302734
1 0.295486 0.413086 0.0201389 0.0273438
1 0.326042 0.405762 0.0243056 0.0341797
1 0.35625 0.438965 0.025 0.0361328
1 0.373958 0.38623 0.0215278 0.0263672
1 0.354861 0.39502 0.0125 0.0166016
1 0.374653 0.413086 0.0215278 0.0214844
1 0.396875 0.452637 0.0298611 0.0419922
1 0.386111 0.522461 0.0208333 0.03125
1 0.336111 0.5 0.0263889 0.0371094
1 0.344792 0.0966797 0.0145833 0.0234375
1 0.35625 0.149414 0.0180556 0.0273438
1 0.377431 0.11377 0.0243056 0.0322266
1 0.387847 0.150879 0.0215278 0.0341797
1 0.444792 0.078125 0.0243056 0.0351562
1 0.466667 0.0415039 0.0263889 0.0419922
1 0.484722 0.0717773 0.0291667 0.0302734
1 0.467014 0.112305 0.0256944 0.0332031
1 0.492708 0.13623 0.0201389 0.0224609
1 0.489236 0.175781 0.0243056 0.03125
1 0.465972 0.205566 0.0208333 0.0283203
1 0.415972 0.238281 0.0166667 0.0253906
1 0.428472 0.278809 0.0222222 0.0244141
