0 0.206944 0.320312 0.025 0.0527344
0 0.555208 0.434082 0.01875 0.0263672
2 0.775347 0.668945 0.0340278 0.0527344
1 0.136111 0.529297 0.025 0.0292969
1 0.329514 0.524414 0.0215278 0.03125
1 0.344444 0.446777 0.0277778 0.0302734
1 0.416667 0.554688 0.0166667 0.0253906
1 0.449653 0.536621 0.0270833 0.0400391
1 0.520139 0.609375 0.0152778 0.0214844
1 0.571528 0.670898 0.025 0.0371094
1 0.569097 0.717285 0.0229167 0.0478516
1 0.659028 0.796387 0.0277778 0.0322266
1 0.659722 0.84375 0.0236111 0.03125
1 0.803125 0.905273 0.0159722 0.03125
1 0.80625 0.749023 0.0236111 0.0371094
1 0.721528 0.706055 0.0305556 0.0371094
1 0.624653 0.657715 0.0395833 0.0439453
1 0.713889 0.856934 0.0319444 0.0361328
1 0.711458 0.940918 0.0201389 0.0263672
1 0.732292 0.971191 0.01875 0.0263672
1 0.75625 0.871582 0.0111111 0.0263672
1 0.783333 0.841797 0.0416667 0.0507812
1 0.772569 0.942871 0.0201389 0.0322266
1 0.584028 0.873047 0.0180556 0.0273438
1 0.697222 0.817383 0.0180556 0.0234375
1 0.754861 0.433105 0.0263889 0.0380859
1 0.677778 0.398438 0.0152778 0.0234375
1 0.665972 0.445312 0.0236111 0.03125
1 0.660069 0.500488 0.0173611 0.0205078
1 0.623958 0.522949 0.0215278 0.0478516
1 0.651042 0.568848 0.0354167 0.0654297
1 0.686806 0.554199 0.025 0.0302734
1 0.747569 0.534668 0.0201389 0.0244141
1 0.753125 0.563477 0.0201389 0.0351562
1 0.786458 0.608398 0.03125 0.0429688
1 0.803472 0.486328 0.025 0.0429688
1 0.832986 0.464355 0.03125 0.0419922
1 0.870486 0.481445 0.0340278 0.0332031
1 0.828819 0.579102 0.04375 0.0507812
1 0.815625 0.550293 0.0270833 0.0439453
1 0.427778 0.108398 0.0180556 0.0234375
1 0.440625 0.0654297 0.0298611 0.03125
1 0.474653 0.0410156 0.0354167 0.0507812
1 0.555208 0.130371 0.0201389 0.0302734
1 0.556597 0.17334 0.0173611 0.0419922
1 0.467361 0.165527 0.0236111 0.0302734
1 0.516667 0.171387 0.0388889 0.0517578
1 0.479514 0.125488 0.0465278 0.0400391
1 0.626042 0.227539 0.0326389 0.0253906
1 0.516667 0.327637 0.0180556 0.0224609
1 0.991319 0.294922 0.0173611 0.0332031
1 0.645486 0.993164 0.0145833 0.0136719
1 0.58125 0.378906 0.0263889 0.0429688
1 0.614236 0.388672 0.0298611 0.0390625
1 0.579167 0.470215 0.0236111 0.0263672
1 0.686806 0.489258 0.0180556 0.0273438
1 0.411806 0.359375 0.0208333 0.0371094
1 0.489236 0.255859 0.0145833 0.0273438
1 0.522222 0.270508 0.025 0.0371094
1 0.467708 0.219727 0.0256944 0.0429688
1 0.497917 0.226074 0.0333333 0.0458984
0 0.530903 0.0839844 0.0173611 0.0683594
0 0.580208 0.192871 0.0395833 0.0556641
0 0.617708 0.273926 0.0354167 0.0380859
1 0.574306 0.285156 0.0305556 0.0371094
1 0.950347 0.590332 0.0215278 0.0263672
1 0.432292 0.245605 0.0201389 0.0478516
1 0.454514 0.262695 0.0201389 0.0332031
1 0.476042 0.290527 0.0395833 0.0615234
1 0.432639 0.334961 0.0194444 0.0253906
1 0.510069 0.352051 0.0326389 0.0341797
1 0.538194 0.405762 0.0222222 0.0302734
1 0.807639 0.659668 0.025 0.0361328
1 0.827778 0.657715 0.0180556 0.0302734
1 0.714931 0.569824 0.0215278 0.0380859
1 0.721528 0.650879 0.0180556 0.0322266
1 0.745139 0.654785 0.0236111 0.0341797
2 0.723264 0.615723 0.0256944 0.0341797
0 0.650347 0.339355 0.0229167 0.0498047
0 0.331944 0.413574 0.0347222 0.0322266
1 0.425 0.433594 0.0194444 0.0292969
1 0.502431 0.383789 0.0256944 0.0332031
0 0.474306 0.391602 0.0263889 0.0351562
0 0.885069 0.934082 0.0201389 0.0322266
1 0.830208 0.938965 0.0201389 0.0283203
1 0.929167 0.615723 0.0305556 0.0400391
1 0.818403 0.408203 0.0256944 0.0351562
0 0.398611 0.108398 0.025 0.0292969
0 0.55625 0.259277 0.0208333 0.0419922
1 0.538889 0.308105 0.0125 0.0224609
1 0.563542 0.347168 0.0256944 0.0361328
1 0.679861 0.339844 0.0166667 0.03125
1 0.728472 0.44873 0.0180556 0.0263672
