2 0.690278 0.395508 0.0375 0.0390625
0 0.611458 0.180176 0.0493056 0.0400391
0 0.575694 0.19873 0.0222222 0.0302734
0 0.390625 0.299805 0.0451389 0.0332031
0 0.481597 0.508789 0.0201389 0.0390625
0 0.634375 0.575684 0.0173611 0.0283203
1 0.507986 0.253418 0.0284722 0.0419922
1 0.5625 0.224609 0.0222222 0.0195312
1 0.597569 0.292969 0.0270833 0.0390625
1 0.650347 0.289062 0.0173611 0.0351562
1 0.630903 0.323242 0.0201389 0.03125
1 0.586111 0.332031 0.0125 0.0214844
1 0.517014 0.347656 0.0326389 0.0371094
1 0.526389 0.374512 0.0152778 0.0380859
1 0.389236 0.455078 0.0118056 0.0214844
1 0.364583 0.414062 0.0291667 0.0332031
1 0.449306 0.463379 0.0208333 0.0283203
1 0.438542 0.402832 0.0284722 0.0400391
1 0.442708 0.362793 0.0229167 0.0380859
1 0.406597 0.328125 0.0256944 0.0332031
0 0.431944 0.436523 0.0194444 0.0390625
1 0.552431 0.260742 0.0326389 0.0351562
1 0.638889 0.489258 0.0388889 0.0390625
1 0.684722 0.543945 0.0416667 0.0429688
1 0.696181 0.49707 0.0215278 0.0390625
1 0.647917 0.45752 0.0347222 0.0361328
1 0.547222 0.449707 0.0291667 0.0458984
1 0.526389 0.458496 0.0194444 0.0302734
1 0.558333 0.416504 0.0208333 0.0224609
1 0.566319 0.414062 0.0229167 0.0429688
1 0.523958 0.637207 0.0201389 0.0400391
1 0.489236 0.552734 0.0173611 0.0234375
1 0.517361 0.544434 0.0208333 0.0263672
1 0.567014 0.51123 0.0340278 0.0302734
1 0.606597 0.487305 0.0256944 0.0507812
1 0.595833 0.672852 0.0152778 0.0273438
1 0.602083 0.633301 0.0402778 0.0361328
1 0.566319 0.594238 0.0173611 0.0244141
1 0.587847 0.575684 0.0256944 0.0263672
0 0.532639 0.563965 0.0180556 0.0224609
0 0.632639 0.37207 0.0166667 0.0429688
1 0.579167 0.541992 0.0166667 0.03125
1 0.595139 0.543457 0.0166667 0.0185547
1 0.551042 0.620605 0.0145833 0.0205078
1 0.555556 0.652832 0.0152778 0.0224609
1 0.540625 0.529297 0.0173611 0.0175781
1 0.749306 0.299316 0.0180556 0.0224609
0 0.608333 0.349121 0.0152778 0.0302734
1 0.669792 0.251465 0.0243056 0.0283203
1 0.617708 0.423828 0.0451389 0.046875
