0 0.379861 0.584473 0.0180556 0.0439453
0 0.442014 0.585449 0.0270833 0.0341797
0 0.436458 0.650879 0.0284722 0.0224609
0 0.388194 0.646973 0.0291667 0.0185547
0 0.440972 0.692871 0.0291667 0.0341797
0 0.443403 0.751465 0.0409722 0.0380859
0 0.465278 0.817383 0.0319444 0.0449219
0 0.315625 0.565918 0.01875 0.0205078
0 0.336458 0.604004 0.0118056 0.0244141
0 0.392361 0.451172 0.0208333 0.0214844
0 0.361806 0.458008 0.0166667 0.0234375
0 0.43125 0.471191 0.025 0.0244141
0 0.564236 0.511719 0.01875 0.03125
0 0.602431 0.52832 0.01875 0.0351562
0 0.758333 0.427734 0.0194444 0.0390625
0 0.774653 0.357422 0.0270833 0.0488281
0 0.640625 0.46875 0.0104167 0.0175781
0 0.701042 0.413574 0.0284722 0.0302734
0 0.818403 0.299316 0.0340278 0.0400391
0 0.787153 0.306152 0.0284722 0.0244141
0 0.724306 0.425293 0.0222222 0.0244141
0 0.732292 0.441895 0.0145833 0.0185547
0 0.740625 0.460449 0.0145833 0.0205078
0 0.719097 0.48291 0.03125 0.0654297
0 0.745139 0.51709 0.0152778 0.0693359
0 0.765625 0.484863 0.01875 0.0263672
0 0.76875 0.523438 0.0166667 0.0429688
0 0.786111 0.506836 0.0166667 0.0546875
0 0.594792 0.58252 0.0229167 0.0673828
0 0.581597 0.624023 0.0368056 0.0292969
0 0.661111 0.597168 0.0375 0.0263672
0 0.658333 0.644043 0.025 0.0517578
0 0.648611 0.536133 0.0152778 0.0253906
0 0.634722 0.456543 0.0416667 0.0634766
0 0.645486 0.494141 0.0229167 0.0390625
0 0.691667 0.681152 0.0291667 0.0224609
0 0.45625 0.480957 0.0166667 0.0205078
0 0.480208 0.513672 0.0201389 0.0214844
0 0.498611 0.566895 0.0208333 0.0283203
0 0.482639 0.591797 0.025 0.0214844
0 0.611111 0.450684 0.0194444 0.0302734
0 0.458333 0.557129 0.0138889 0.0263672
0 0.896528 0.316895 0.0222222 0.0498047
0 0.915972 0.352539 0.0222222 0.0195312
0 0.966319 0.474609 0.0340278 0.0253906
0 0.803125 0.558594 0.01875 0.0410156
0 0.798264 0.602539 0.0173611 0.0195312
2 0.414583 0.819336 0.0194444 0.0253906
1 0.388194 0.815918 0.0180556 0.0322266
1 0.509375 0.530762 0.0215278 0.0263672
