2 0.282292 0.594727 0.0395833 0.0703125
2 0.247917 0.721191 0.0222222 0.0322266
2 0.209028 0.696777 0.0194444 0.0322266
2 0.419444 0.836426 0.0333333 0.0400391
2 0.48125 0.762207 0.0486111 0.0517578
2 0.476736 0.63916 0.0256944 0.0830078
1 0.496181 0.602539 0.0229167 0.0332031
2 0.427083 0.591797 0.0375 0.0585938
2 0.393056 0.62793 0.0263889 0.0488281
2 0.260764 0.484375 0.0326389 0.046875
2 0.317014 0.40625 0.0381944 0.0722656
0 0.186806 0.352051 0.0222222 0.0849609
2 0.183681 0.560547 0.0298611 0.0371094
2 0.195486 0.606445 0.0381944 0.0507812
2 0.268056 0.700684 0.0291667 0.0478516
2 0.323611 0.717773 0.0319444 0.0449219
1 0.300694 0.814941 0.0291667 0.0732422
1 0.111806 0.694824 0.0319444 0.0458984
2 0.131944 0.636719 0.0236111 0.0449219
2 0.341667 0.874512 0.0319444 0.0458984
2 0.165625 0.724121 0.0590278 0.0517578
2 0.238542 0.607422 0.03125 0.0429688
2 0.157639 0.51709 0.0305556 0.0537109
2 0.381944 0.434082 0.0263889 0.0380859
2 0.287847 0.500488 0.01875 0.0283203
2 0.407986 0.571289 0.00902778 0.0292969
2 0.155556 0.680664 0.0555556 0.0722656
2 0.0954861 0.578613 0.01875 0.0302734
2 0.261111 0.366211 0.025 0.0292969
2 0.286458 0.88916 0.0284722 0.0537109
2 0.127431 0.595703 0.0326389 0.0449219
2 0.361111 0.587891 0.0263889 0.0429688
2 0.438542 0.788574 0.0145833 0.0302734
1 0.686458 0.297852 0.0340278 0.0449219
2 0.421181 0.724121 0.03125 0.0537109
1 0.452083 0.825684 0.0166667 0.0166016
2 0.803819 0.17627 0.0340278 0.0498047
2 0.811458 0.264648 0.0256944 0.0371094
2 0.957292 0.192383 0.0368056 0.0488281
1 0.821181 0.221191 0.0215278 0.0322266
1 0.779167 0.216797 0.0194444 0.0273438
2 0.818403 0.0610352 0.0243056 0.0419922
2 0.865625 0.046875 0.0145833 0.0585938
2 0.729167 0.0600586 0.025 0.0283203
2 0.751042 0.25 0.0395833 0.0527344
2 0.788889 0.0732422 0.0291667 0.0429688
2 0.778819 0.422363 0.0201389 0.0263672
1 0.975694 0.27832 0.0291667 0.0566406
2 0.902778 0.338867 0.0416667 0.0449219
2 0.895833 0.29834 0.0277778 0.0341797
2 0.798264 0.481934 0.0298611 0.0380859
2 0.769097 0.129395 0.0173611 0.0322266
2 0.909375 0.223633 0.0243056 0.03125
2 0.712847 0.103516 0.0368056 0.0566406
2 0.722917 0.327637 0.0277778 0.0419922
2 0.725 0.279785 0.0194444 0.0419922
2 0.680903 0.225098 0.0298611 0.0361328
2 0.953819 0.126953 0.0409722 0.046875
2 0.771875 0.343262 0.0270833 0.0380859
2 0.730208 0.193848 0.0173611 0.0205078
2 0.829861 0.307617 0.0222222 0.0390625
2 0.937847 0.0249023 0.0298611 0.0400391
2 0.729514 0.0200195 0.0256944 0.0244141
2 0.855556 0.230957 0.0277778 0.0283203
2 0.427431 0.66748 0.0451389 0.0517578
2 0.348264 0.796387 0.0409722 0.0283203
2 0.388194 0.826172 0.0236111 0.0507812
2 0.339931 0.46875 0.0298611 0.0371094
2 0.269097 0.657227 0.0479167 0.046875
1 0.184722 0.442383 0.025 0.0351562
2 0.215625 0.430664 0.03125 0.0410156
1 0.869097 0.314941 0.0173611 0.0224609
1 0.663194 0.165039 0.0208333 0.0410156
1 0.335417 0.645996 0.0472222 0.0888672
2 0.267361 0.79834 0.0263889 0.0419922
1 0.814583 0.930176 0.0291667 0.0439453
2 0.840278 0.0424805 0.0166667 0.0283203
1 0.782292 0.384766 0.0270833 0.0390625
2 0.867708 0.283691 0.0173611 0.0224609
2 0.888889 0.378418 0.0152778 0.0263672
2 0.914236 0.373047 0.0298611 0.0371094
1 0.917014 0.0849609 0.0284722 0.0371094
2 0.309375 0.76709 0.0173611 0.0263672
1 0.436458 0.725586 0.0118056 0.015625
2 0.471528 0.705078 0.025 0.0253906
2 0.21875 0.737793 0.0444444 0.0341797
2 0.341319 0.549805 0.0548611 0.0507812
2 0.426389 0.52832 0.0347222 0.0390625
2 0.197917 0.5 0.0430556 0.0527344
2 0.135417 0.473145 0.0194444 0.0283203
2 0.836111 0.0966797 0.0180556 0.0234375
2 0.736458 0.141113 0.0229167 0.0302734
2 0.845486 0.271484 0.0159722 0.0234375
2 0.117014 0.53418 0.0354167 0.0429688
2 0.222569 0.53125 0.0229167 0.0292969
2 0.335069 0.754883 0.0256944 0.0332031
2 0.85 0.185547 0.0236111 0.0332031
1 0.945139 0.344238 0.0263889 0.0361328
2 0.347222 0.834473 0.025 0.0283203
1 0.851736 0.33252 0.0284722 0.0380859
1 0.649653 0.39209 0.0131944 0.0263672
1 0.817361 0.337891 0.0180556 0.0390625
