2 0.358681 0.558594 0.0479167 0.0546875
2 0.466667 0.610352 0.0277778 0.0410156
2 0.427778 0.640625 0.0375 0.0488281
2 0.285069 0.621094 0.0215278 0.0214844
2 0.233333 0.64209 0.0347222 0.0537109
2 0.313889 0.652832 0.0402778 0.0400391
2 0.284375 0.53418 0.0354167 0.0390625
2 0.244097 0.543457 0.03125 0.0517578
2 0.389236 0.858398 0.0270833 0.0351562
2 0.387153 0.812988 0.0340278 0.0400391
2 0.402431 0.772461 0.0298611 0.0371094
2 0.4875 0.726562 0.0180556 0.0351562
2 0.465625 0.649902 0.0270833 0.0244141
2 0.339931 0.69043 0.01875 0.0371094
2 0.278125 0.719238 0.0201389 0.0341797
2 0.320833 0.81543 0.025 0.0371094
2 0.356944 0.758789 0.0194444 0.03125
2 0.395486 0.662109 0.01875 0.03125
2 0.415278 0.733887 0.0333333 0.0341797
2 0.386111 0.471191 0.0125 0.0244141
2 0.3 0.57373 0.025 0.0439453
2 0.353125 0.680664 0.0173611 0.0253906
2 0.408333 0.600586 0.0208333 0.03125
1 0.875 0.337402 0.0361111 0.0517578
2 0.389236 0.496094 0.0159722 0.0214844
2 0.403819 0.477539 0.01875 0.0234375
2 0.269444 0.756348 0.0222222 0.0341797
1 0.326042 0.753906 0.0215278 0.0351562
1 0.480556 0.694824 0.0152778 0.0224609
